No | Time (HH:mm:ss) | % O2 in Effluent | Sequence Discreapancy
1 | 06:20:11 | 14.26 | 0
2 | 06:20:23 | 13.67 | 0
3 | 06:20:45 | 14.1 | 0.43
4 | 06:21:13 | 14.28 | 0.18
5 | 06:21:33 | 14.363 | 0.083
6 | 06:21:45 | 14.31 | -0.053
7 | 06:21:57 | 14.32 | 0.01
8 | 06:22:16 | 14.315 | -0.005
9 | 06:22:36 | 14.03 | -0.285
10 | 06:22:56 | 14.03 | 0.00
11 | 06:23:16 | 14.06 | 0.03
12 | 06:23:36 | 14.05 | -0.01
13 | 06:23:54 | 14.08 | 0.03
14 | 06:24:14 | 14.03 | -0.05
15 | 06:24:32 | 14.06 | 0.03
16 | 06:24:44 | 13.5 | -0.56
17 | 06:25:04 | 13.84 | 0.34
18 | 06:25:30 | 14.13 | 0.29
19 | 06:25:52 | 14.325 | 0.195
20 | 06:26:04 | 14.325 | 0.000
21 | 06:26:16 | 14.315 | -0.010
22 | 06:26:28 | 14.32 | 0.005
23 | 06:26:40 | 14.305 | -0.015
24 | 06:26:52 | 14.315 | 0.010
25 | 06:27:12 | 14.232 | -0.083
26 | 06:27:32 | 14.06 | -0.172
27 | 06:27:50 | 14.06 | 0.00
28 | 06:28:10 | 14.02 | -0.04
29 | 06:28:30 | 14.03 | 0.01
30 | 06:28:48 | 14.04 | 0.01
31 | 06:29:08 | 14.05 | 0.01
32 | 06:29:20 | 13.46 | -0.59
33 | 06:29:32 | 13.67 | 0.21
34 | 06:29:58 | 14.1 | 0.43
35 | 06:30:22 | 14.351 | 0.251
36 | 06:30:34 | 14.31 | -0.041
37 | 06:30:46 | 14.295 | -0.015
38 | 06:30:58 | 14.295 | 0.000
39 | 06:31:21 | 14.267 | -0.028
40 | 06:31:41 | 14.03 | -0.237
41 | 06:32:01 | 14.03 | 0.00
42 | 06:32:23 | 14 | -0.03
43 | 06:32:43 | 14.04 | 0.04
44 | 06:33:03 | 14.05 | 0.01
45 | 06:33:15 | 14.76 | 0.71
46 | 06:33:31 | 14.17 | -0.59
47 | 06:33:59 | 14.25 | 0.08
48 | 06:34:17 | 14.34 | 0.09
49 | 06:34:29 | 14.345 | 0.005
50 | 06:34:41 | 14.375 | 0.030
51 | 06:34:53 | 14.34 | -0.035
52 | 06:35:14 | 16.4 | 2.06
53 | 06:35:32 | 14.06 | -2.34
54 | 06:35:52 | 14.03 | -0.03
55 | 06:36:10 | 14.06 | 0.03
56 | 06:36:30 | 14.05 | -0.01
57 | 06:36:50 | 14.02 | -0.03
58 | 06:37:02 | 14.48 | 0.46
59 | 06:37:16 | 14.15 | -0.33
60 | 06:37:44 | 14.17 | 0.02
61 | 06:38:04 | 14.401 | 0.231
62 | 06:38:16 | 14.275 | -0.126
63 | 06:38:28 | 14.29 | 0.015
64 | 06:38:40 | 14.3 | 0.01
65 | 06:39:03 | 13.413 | -0.887
66 | 06:39:23 | 14.03 | 0.617
67 | 06:39:43 | 14.06 | 0.03
68 | 06:40:01 | 14.08 | 0.02
69 | 06:40:21 | 14.03 | -0.05
70 | 06:40:39 | 14.04 | 0.01
71 | 06:40:53 | 14.68 | 0.64
72 | 06:41:07 | 13.96 | -0.72
73 | 06:41:35 | 14.25 | 0.29
74 | 06:41:57 | 14.33 | 0.08
75 | 06:42:09 | 14.3 | -0.03
76 | 06:42:21 | 14.295 | -0.005
77 | 06:42:33 | 14.34 | 0.045
78 | 06:42:53 | 14.128 | -0.212
79 | 06:43:13 | 14.06 | -0.068
80 | 06:43:33 | 14.03 | -0.03
81 | 06:43:55 | 14 | -0.03
82 | 06:44:15 | 14.03 | 0.03
83 | 06:44:35 | 14.03 | 0.00
84 | 06:44:47 | 13.49 | -0.54
85 | 06:45:11 | 13.85 | 0.36
86 | 06:45:41 | 14.26 | 0.41
87 | 06:45:53 | 14.315 | 0.055
88 | 06:46:05 | 14.31 | -0.005
89 | 06:46:17 | 14.305 | -0.005
90 | 06:46:33 | 14.283 | -0.022
91 | 06:46:54 | 14.06 | -0.223
92 | 06:47:14 | 14.03 | -0.03
93 | 06:47:32 | 14.06 | 0.03
94 | 06:47:52 | 14.04 | -0.02
95 | 06:48:14 | 14 | -0.04
96 | 06:48:30 | 13.84 | -0.16
97 | 06:48:42 | 14.49 | 0.65
98 | 06:49:12 | 14.08 | -0.41
99 | 06:49:32 | 14.284 | 0.204
100 | 06:49:44 | 14.31 | 0.026
101 | 06:49:56 | 14.295 | -0.015
102 | 06:50:08 | 14.31 | 0.015
103 | 06:50:26 | 13.524 | -0.786
104 | 06:50:44 | 14.08 | 0.556
105 | 06:51:04 | 14.04 | -0.04
106 | 06:51:24 | 14.03 | -0.01
107 | 06:51:42 | 14.04 | 0.01
108 | 06:52:02 | 14.05 | 0.01
109 | 06:52:20 | 14.05 | 0.00
110 | 06:52:32 | 13.96 | -0.09
111 | 06:52:44 | 14.2 | 0.24
112 | 06:53:06 | 14.4 | 0.2
113 | 06:53:40 | 14.29 | -0.11
114 | 06:53:54 | 14.321 | 0.031
115 | 06:54:06 | 14.3 | -0.021
116 | 06:54:18 | 14.355 | 0.055
117 | 06:54:34 | 14.345 | -0.010
118 | 06:54:53 | 14.06 | -0.285
119 | 06:55:13 | 14.06 | 0.00
120 | 06:55:33 | 14.03 | -0.03
121 | 06:55:51 | 14.04 | 0.01
122 | 06:56:11 | 14.06 | 0.02
123 | 06:56:27 | 13.83 | -0.23
124 | 06:56:39 | 14.64 | 0.81
125 | 06:56:53 | 15.01 | 0.37
126 | 06:57:21 | 14.22 | -0.79
127 | 06:57:41 | 14.339 | 0.119
128 | 06:57:53 | 14.29 | -0.049
129 | 06:58:05 | 14.33 | 0.04
130 | 06:58:17 | 14.3 | -0.03
131 | 06:58:39 | 14.169 | -0.131
132 | 06:58:59 | 14.02 | -0.149
133 | 06:59:17 | 14.05 | 0.03
134 | 06:59:37 | 14.02 | -0.03
135 | 06:59:55 | 14.08 | 0.06
136 | 07:00:15 | 14.02 | -0.06
137 | 07:00:27 | 13.94 | -0.08
138 | 07:00:41 | 14.46 | 0.52
139 | 07:01:07 | 14.19 | -0.27
140 | 07:01:29 | 14.315 | 0.125
141 | 07:01:41 | 14.295 | -0.020
142 | 07:01:53 | 14.315 | 0.020
143 | 07:02:05 | 14.305 | -0.010
144 | 07:02:28 | 16.946 | 2.641
145 | 07:02:48 | 14.06 | -2.886
146 | 07:03:08 | 14.03 | -0.03
147 | 07:03:26 | 14.05 | 0.02
148 | 07:03:46 | 14.03 | -0.02
149 | 07:04:04 | 14.05 | 0.02
150 | 07:04:16 | 14.46 | 0.41
151 | 07:04:28 | 14.15 | -0.31
152 | 07:05:00 | 14.18 | 0.03
153 | 07:05:24 | 14.374 | 0.194
154 | 07:05:36 | 14.295 | -0.079
155 | 07:05:48 | 14.33 | 0.035
156 | 07:06:00 | 14.31 | -0.02
157 | 07:06:22 | 16.434 | 2.124
158 | 07:06:42 | 14.03 | -2.404
159 | 07:07:02 | 14.03 | 0.00
160 | 07:07:20 | 14.05 | 0.02
161 | 07:07:40 | 14.03 | -0.02
162 | 07:07:56 | 14.37 | 0.34
163 | 07:08:08 | 14.15 | -0.22
164 | 07:08:26 | 14.4 | 0.25
165 | 07:08:50 | 14.14 | -0.26
166 | 07:09:12 | 14.405 | 0.265
167 | 07:09:24 | 14.305 | -0.100
168 | 07:09:36 | 14.335 | 0.030
169 | 07:09:48 | 14.325 | -0.010
170 | 07:10:08 | 14.124 | -0.201
171 | 07:10:26 | 14.06 | -0.064
172 | 07:10:46 | 14.02 | -0.04
173 | 07:11:04 | 14.05 | 0.03
174 | 07:11:24 | 14.04 | -0.01
175 | 07:11:42 | 14.05 | 0.01
176 | 07:11:54 | 14.16 | 0.11
177 | 07:12:06 | 14.94 | 0.78
178 | 07:12:34 | 13.89 | -1.05
179 | 07:12:56 | 14.394 | 0.504
180 | 07:13:08 | 14.34 | -0.054
181 | 07:13:20 | 14.32 | -0.02
182 | 07:13:32 | 14.335 | 0.015
183 | 07:13:54 | 16.519 | 2.184
184 | 07:14:14 | 14.03 | -2.489
185 | 07:14:34 | 14.06 | 0.03
186 | 07:14:54 | 14.04 | -0.02
187 | 07:15:12 | 14.08 | 0.04
188 | 07:15:32 | 14.03 | -0.05
189 | 07:15:44 | 13.46 | -0.57
190 | 07:15:56 | 13.68 | 0.22
191 | 07:16:26 | 14.16 | 0.48
192 | 07:16:50 | 14.41 | 0.25
193 | 07:17:02 | 14.3 | -0.11
194 | 07:17:14 | 14.325 | 0.025
195 | 07:17:26 | 14.315 | -0.010
196 | 07:17:49 | 16.441 | 2.126
197 | 07:18:09 | 14.04 | -2.401
198 | 07:18:31 | 14.03 | -0.01
199 | 07:18:51 | 14.03 | 0.00
200 | 07:19:11 | 14.03 | 0.00
201 | 07:19:27 | 13.82 | -0.21
202 | 07:19:39 | 14.16 | 0.34
203 | 07:19:53 | 13.7 | -0.46
204 | 07:20:21 | 14.19 | 0.49
205 | 07:20:39 | 14.27 | 0.08
206 | 07:20:51 | 14.325 | 0.055
207 | 07:21:03 | 14.325 | 0.000
208 | 07:21:15 | 14.33 | 0.005
209 | 07:21:34 | 16.941 | 2.611
210 | 07:21:56 | 14.03 | -2.911
211 | 07:22:16 | 14.02 | -0.01
212 | 07:22:36 | 14.02 | 0.00
213 | 07:22:54 | 14.08 | 0.06
214 | 07:23:14 | 14.03 | -0.05
215 | 07:23:26 | 13.96 | -0.07
216 | 07:23:38 | 14.67 | 0.71
217 | 07:24:04 | 14.12 | -0.55
218 | 07:24:28 | 14.447 | 0.327
219 | 07:24:40 | 14.31 | -0.137
220 | 07:24:52 | 14.355 | 0.045
221 | 07:25:04 | 14.325 | -0.030
222 | 07:25:27 | 14.165 | -0.160
223 | 07:25:47 | 14.03 | -0.135
224 | 07:26:05 | 14.06 | 0.03
225 | 07:26:25 | 14.02 | -0.04
226 | 07:26:43 | 14.05 | 0.03
227 | 07:27:05 | 14.03 | -0.02
228 | 07:27:17 | 14.2 | 0.17
229 | 07:27:29 | 15 | 0.8
